7520707
7520718
7520722
7521066
7521072
7521090
7521113
7521141
7521158
7521213
7521243
7521253
7521302
7521328
7521344
7521365
7521378
7521386
7521428
7521436
7521449
7521459
7521462
7521515
7521561
7521565
7521576
7521577
7521603
7521605
7521606
7521619
7521623
7521653
7521662
7521665
7521666
7521673
7521681
7521683
7521690
7521694
7521695
7521698
7521704
7521710
7521711
7521712
7521721
7521724
7521727
7521738
7521740
7521742
7521762
7521763
7521767
7521771
7521773
7521775
7521776
7521777
7521782
7521785
7521787
7521789
7521790
7521798
7521805
7521815
7521825
7521833
7521835
7521836
7521839
7521842
7521847
7521849
7521851
7521853
7521854
7521855
7521856
7521858
7521864
7521868
7521873
7521882
7521883
7521884
7521888
7521890
7521894
7521899
7521906
7521914
7521915
7521917
7521918
7521921
7521922
7521923
7521924
7521934
7521939
7521940
7521943
7521946
7521951
7521956
7521959
7521960
7521963
7521966
7521968
7521969
7521971
7521972
7521981
7521982
7521985
7521986
7521987
7521990
7521992
7521993
7521995
7521996
7521997
7521998
7522000
7522001
7522007
7522008
7522009
7522011
7522019
7522022
7522023
7522033
7522034
7522036
7522037
7522041
7522043
7522046
7522048
7522051
7522054
7522055
7522058
7522061
7522064
7522066
7522067
7522068
7522072
7522074
7522075
7522077
7522078
7522081
7522085
7522087
7522088
7522091
7522092
7522095
7522101
7522106
7522107
7522112
7522122
7522125
7522126
7522128
7522133
7522134
7522135
7522136
7522138
7522143
7522146
7522148
7522151
7522152
7522153
7522156
7522158
7522159
7522162
7522166
7522167
7522173
7522175
7522181
7522188
7522189
7522193
7522195
7522197
7522199
7522201
7522205
7522212
7522213
7522215
7522218
7522219
7522221
7522225
7522238
7522239
7522246
7522251
7522252
7522254
7522261
7522265
7522267
7522269
7522270
7522271
7522272
7522274
7522275
7522277
7522278
7522279
7522280
7522284
7522285
7522287
7522291
7522292
7522300
7522301
7522302
7522304
7522307
7522308
7522317
7522318
7522319
7522320
7522321
7522328
7522329
7522331
7522333
7522334
7522335
7522339
7522345
7522349
7522351
7522354
7522357
7522360
7522363
7522369
7522371
7522375
7522378
7522381
7522382
7522384
7522385
7522386
7522390
7522392
7522397
7522399
7522402
7522404
7522405
7522412
7522417
7522420
7522421
7522422
7522423
7522426
7522433
7522434
7522436
7522440
7522441
7522443
7522446
7522448
7522450
7522452
7522454
7522455
7522459
7522463
7522467
7522470
7522471
7522472
7522473
7522476
7522477
7522481
7522482
7522486
7522487
7522488
7522489
7522492
7522497
7522500
7522501
7522502
7522506
7522509
7522510
7522512
7522513
7522514
7522515
7522516
7522518
7522520
7522521
7522524
7522526
7522528
7522529
7522530
7522532
7522536
7522540
7522543
7522544
7522546
7522550
7522552
7522554
7522555
7522557
7522560
7522561
7522562
7522567
7522569
7522571
7522572
7522573
7522574
7522578
7522580
7522581
7522586
7522590
7522597
7522606
7522607
7522609
7522612
7522616
7522618
7522621
7522623
7522625
7522629
7522630
7522634
7522638
7522639
7522640
7522645
7522647
7522650
7522654
7522661
7522663
7522665
7522668
7522669
7522672
7522674
7522679
7522684
7522685
7522687
7522689
7522694
7522697
7522705
7522709
7522714
7522715
7522717
7522721
7522722
7522725
7522726
7522728
7522729
7522731
7522733
7522739
7522740
7522741
7522744
7522748
7522750
7522753
7522754
7522756
7522763
7522764
7522765
7522767
7522768
7522770
7522773
7522776
7522782
7522783
7522785
7522786
7522789
7522790
7522793
7522796
7522798
7522799
7522800
7522804
7522807
7522808
7522813
7522814
7522815
7522820
7522822
7522823
7522824
7522825
7522827
7522829
7522833
7522834
7522836
7522837
7522838
7522841
7522844
7522851
7522852
7522858
7522859
7522864
7522866
7522869
7522873
7522879
7522880
7522881
7522882
7522886
7522887
7522888
7522890
7522891
7522892
7522893
7522894
7522895
7522899
7522900
7522903
7522906
7522909
7522912
7522920
7522922
7522924
7522940
7522943
7522944
7522946
7522948
7522950
7522951
7522952
7522953
7522957
7522958
7522959
7522962
7522966
7522968
7522970
7522973
7522974
7522975
7522976
7522977
7522978
7522979
7522981
7522990
7522991
7522992
7522993
7522995
7522996
7523001
7523002
7523005
7523010
7523011
7523014
7523015
7523016
7523018
7523021
7523022
7523028
7523029
7523032
7523034
7523035
7523036
7523044
7523045
7523047
7523053
7523058
7523061
7523063
7523065
7523069
7523070
7523072
7523073
7523079
7523081
7523085
7523086
7523087
7523090
7523091
7523095
7523100
7523102
7523106
7523111
7523114
7523115
7523116
7523125
7523127
7523128
7523131
7523132
7523135
7523137
7523142
7523143
7523144
7523145
7523146
7523147
7523149
7523151
7523154
7523156
7523157
7523159
7523160
7523162
7523163
7523164
7523165
7523167
7523169
7523172
7523176
7523185
7523190
7523192
7523193
7523195
7523196
7523197
7523198
7523200
7523205
7523206
7523207
7523208
7523210
7523214
7523216
7523220
7523221
7523223
7523225
7523227
7523233
7523234
7523239
7523243
7523246
7523253
7523255
7523256
7523257
7523258
7523260
7523262
7523264
7523268
7523270
7523271
7523272
7523275
7523276
7523277
7523280
7523281
7523285
7523335
7523338
7523341
7523350
7523353
7523355
7523357
7523360
7523363
7523364
7523365
7523366
7523367
7523370
7523375
7523390
7523392
7523393
7523395
7523402
7523404
7523411
7523416
7523421
7523426
7523427
7523429
7523436
7523437
7523438
7523440
7523441
7523442
7523449
7523454
7523456
7523457
7523460
7523462
7523464
7523468
7523470
7523471
7523473
7523474
7523476
7523477
7523479
7523482
7523486
7523487
7523491
7523493
7523499
7523500
7523509
7523510
7523512
7523515
7523520
7523524
7523527
7523528
7523531
7523534
7523541
7523542
7523545
7523553
7523554
7523559
7523562
7523564
7523568
7523569
7523573
7523577
7523578
7523579
7523582
7523592
7523597
7523598
7523599
7523600
7523607
7523612
7523613
7523614
7523616
7523618
7523623
7523624
7523625
7523631
7523644
7523647
7523648
7523652
7523655
7523658
7523659
7523661
7523671
7523791
7523809
7523818
